kernel: 'rbf'
C: 0.060219275791216234
epsilon: 0.011403731832410476
gamma: 0.010748445766186873