hidden_layer_sizes: [100, 100]
activation: 'relu'
solver: 'adam'
learning_rate_init: 0.00015186219938729926
max_iter: 500
random_state: 0
alpha: 0.0407761064878215